250 250
167 114 167 83 70 143 120 66 87 69
184 118 152 140 86 166 160 148 141 165
30728 13452 25384 11620 6020 23738 19200 9768 12267 11385
250 250
120 135 86 103 66 135 91 131 71 153 87 168 118 140 132 152 135 121 68 155
133 186 75 73 85 97 175 176 176 72 148 107 90 109 159 93 68 158 94 76
15960 25110 6450 7519 5610 13095 15925 23056 12496 11016 12876 17976 10620 15260 20988 14136 9180 19118 6392 11780
250 250
66 164 64 121 163 85 81 103 152 176 111 69 146 112 133 63 163 110 96 92 84 119 71 146 93 89 101 172 73 99
80 107 184 86 135 98 102 186 106 139 118 169 133 112 160 129 152 155 136 142 143 133 71 84 86 86 146 73 169 99
5280 17548 11776 10406 22005 8330 8262 19158 16112 24464 13098 11661 19418 12544 21280 8127 24776 17050 13056 13064 12012 15827 5041 12264 7998 7654 14746 12556 12337 9801
250 250
139 166 88 174 128 175 62 178 121 125 73 69 122 66 111 165 71 163 67 121 68 138 141 183 171 101 103 110 184 85 86 127 92 106 177 164 68 62 123 158 70 173 147 141 84 144 92 156 160 127
103 99 74 139 109 179 82 87 77 97 84 97 159 69 118 86 83 162 132 152 150 124 105 122 63 64 95 107 158 97 92 155 147 97 108 150 84 151 134 178 140 117 136 145 164 141 103 98 111 131
14317 16434 6512 24186 13952 31325 5084 15486 9317 12125 6132 6693 19398 4554 13098 14190 5893 26406 8844 18392 10200 17112 14805 22326 10773 6464 9785 11770 29072 8245 7912 19685 13524 10282 19116 24600 5712 9362 16482 28124 9800 20241 19992 20445 13776 20304 9476 15288 17760 16637
500 500
198 179 364 272 352 343 132 164 282 342
205 155 236 147 145 245 174 250 356 151
40590 27745 85904 39984 51040 84035 22968 41000 100392 51642
500 500
313 292 330 212 132 149 294 225 345 337 189 234 335 354 149 355 260 210 194 287
305 222 253 256 189 296 137 345 220 177 300 321 272 244 169 165 220 241 372 134
95465 64824 83490 54272 24948 44104 40278 77625 75900 59649 56700 75114 91120 86376 25181 58575 57200 50610 72168 38458
500 500
348 255 191 212 348 171 206 221 250 205 193 364 264 244 270 224 168 285 315 247 315 129 268 350 186 365 145 284 129 146
220 184 249 194 322 369 327 277 202 226 280 311 224 347 338 236 177 347 294 219 302 147 273 352 258 374 259 184 198 351
76560 46920 47559 41128 112056 63099 67362 61217 50500 46330 54040 113204 59136 84668 91260 52864 29736 98895 92610 54093 95130 18963 73164 123200 47988 136510 37555 52256 25542 51246
500 500
277 233 182 147 213 315 261 210 243 159 217 260 222 296 263 226 264 237 245 137 321 200 270 299 165 198 155 278 184 187 208 261 344 213 362 362 237 281 155 210 325 360 346 131 284 262 146 254 332 313
242 177 216 134 127 212 175 281 256 314 147 349 199 127 302 250 344 179 137 328 154 174 128 179 370 182 295 219 155 270 293 204 168 135 162 374 322 308 344 163 225 225 347 144 284 228 178 164 238 304
67034 41241 39312 19698 27051 66780 45675 59010 62208 49926 31899 90740 44178 37592 79426 56500 90816 42423 33565 44936 49434 34800 34560 53521 61050 36036 45725 60882 28520 50490 60944 53244 57792 28755 58644 135388 76314 86548 53320 34230 73125 81000 120062 18864 80656 59736 25988 41656 79016 95152
1000 1000
310 673 426 325 555 292 343 362 305 459
426 468 463 498 540 455 341 491 688 607
132060 314964 197238 161850 299700 132860 116963 177742 209840 278613
1000 1000
730 269 463 642 453 455 506 560 483 693 381 456 457 707 639 691 434 576 728 545
300 717 369 464 329 667 482 362 260 345 510 586 453 658 650 359 700 291 739 742
219000 192873 170847 297888 149037 303485 243892 202720 125580 239085 194310 267216 207021 465206 415350 248069 303800 167616 537992 404390
1000 1000
541 344 413 266 543 367 526 286 614 348 673 475 562 530 609 540 486 272 623 266 341 340 531 571 674 560 509 650 474 419
745 301 294 341 388 701 707 706 289 592 431 362 439 638 375 274 634 377 306 714 336 296 479 589 496 497 389 332 285 503
403045 103544 121422 90706 210684 257267 371882 201916 177446 206016 290063 171950 246718 338140 228375 147960 308124 102544 190638 189924 114576 100640 254349 336319 334304 278320 198001 215800 135090 210757
1000 1000
572 482 264 349 276 745 434 446 668 405 486 554 392 459 426 728 644 382 268 324 277 254 483 678 546 716 542 634 497 417 290 321 543 599 467 583 729 465 614 446 734 479 656 537 604 746 439 339 273 625
665 640 594 566 660 422 622 433 506 635 320 549 491 528 579 359 465 323 352 512 426 685 532 414 590 640 400 596 696 300 605 520 290 269 679 421 723 590 585 327 616 606 278 355 519 596 281 405 526 568
380380 308480 156816 197534 182160 314390 269948 193118 338008 257175 155520 304146 192472 242352 246654 261352 299460 123386 94336 165888 118002 173990 256956 280692 322140 458240 216800 377864 345912 125100 175450 166920 157470 161131 317093 245443 527067 274350 359190 145842 452144 290274 182368 190635 313476 444616 123359 137295 143598 355000
1000 1000
365 378 410 425 425 439 464 520 520 540 549 549 553 555 555 555 567 572 572 572 572 572 572 572 572 610 660 690 949 949 970
185 200 165 148 296 116 1006 205 350 530 1413 1882 496 755 496 659 473 592 975 1175 1575 1390 1490 1590 1690 1890 625 490 447 445 478 463
67525 75600 67650 62900 125800 50924 466784 106600 182000 286200 775737 1033218 274288 419025 275280 365745 268191 338624 557700 672100 900900 795080 852280 909480 966680 1081080 381250 323400 308430 422305 453622 449110
