50
456 385
1 130 204 0 3 26520
2 166 206 0 1 34196
3 178 81 0 5 14418
4 288 94 0 4 27072
5 220 125 0 2 27500
6 129 172 0 2 22188
7 230 147 0 1 33810
8 149 247 0 2 36803
9 280 195 0 1 54600
10 145 152 0 1 22040
11 156 97 0 6 15132
12 231 199 0 1 45969
13 130 199 0 2 25870
14 185 184 0 1 34040
15 110 87 0 4 9570
16 207 196 0 2 40572
17 214 139 0 4 29746
18 142 239 0 3 33938
19 165 147 0 1 24255
20 240 148 0 2 35520
21 253 202 0 1 51106
22 124 109 0 5 13516
23 292 140 0 1 40880
24 290 186 0 1 53940
25 266 170 0 2 45220
26 112 213 0 2 23856
27 240 152 0 2 36480
28 186 84 0 4 15624
29 136 172 0 3 23392
30 203 186 0 2 37758
31 273 177 0 2 48321
32 233 184 0 1 42872
33 259 158 0 2 40922
34 168 90 0 8 15120
35 220 168 0 4 36960
36 127 241 0 2 30607
37 292 141 0 2 41172
38 124 210 0 2 26040
39 205 197 0 1 40385
40 262 147 0 2 38514
41 168 140 0 2 23520
42 295 150 0 2 44250
43 203 159 0 3 32277
44 142 157 0 1 22294
45 113 96 0 3 10848
46 194 94 0 5 18236
47 179 92 0 4 16468
48 270 210 0 1 56700
49 118 144 0 1 16992
50 292 236 0 1 68912
