45
356 447
1 111 225 0 3 24975
2 162 210 0 1 34020
3 144 98 0 5 14112
4 107 115 0 7 12305
5 126 96 0 7 12096
6 227 210 0 2 47670
7 132 104 0 2 13728
8 227 268 0 1 60836
9 152 122 0 3 18544
10 166 185 0 1 30710
11 196 156 0 1 30576
12 224 192 0 1 43008
13 136 244 0 2 33184
14 155 252 0 1 39060
15 211 172 0 2 36292
16 169 186 0 3 31434
17 172 210 0 4 36120
18 196 255 0 1 49980
19 193 137 0 1 26441
20 171 112 0 2 19152
21 117 110 0 4 12870
22 195 285 0 1 55575
23 92 169 0 6 15548
24 82 206 0 5 16892
25 211 98 0 3 20678
26 109 127 0 5 13843
27 175 227 0 1 39725
28 160 140 0 3 22400
29 220 250 0 1 55000
30 125 92 0 4 11500
31 102 121 0 5 12342
32 129 239 0 2 30831
33 113 157 0 1 17741
34 178 162 0 4 28836
35 133 169 0 1 22477
36 182 99 0 2 18018
37 150 220 0 1 33000
38 116 128 0 6 14848
39 172 144 0 2 24768
40 146 172 0 1 25112
41 148 128 0 4 18944
42 189 96 0 4 18144
43 82 269 0 3 22058
44 182 177 0 1 32214
45 95 146 0 4 13870
