82 822
392 181 426 73 285
407 50 259 248 139
20 30
10 2 6 11 21 4 8 3 8 10
20 4 3 9 13 2 3 4 7 8
150 200
21 32 44 34 50 37 49 50 33 25 3 24 37 25 11 50 7 26 33 4 33 49 16 16 32 1 22 16 5 23 41 24 40 9 20 47 42 40 21 23 31 30 26 1 36 9 10 13 28 7
4 64 34 76 54 73 89 99 49 22 80 75 15 90 49 34 5 61 19 52 7 74 42 35 35 32 75 85 18 70 27 51 38 6 19 3 73 1 55 70 74 74 82 5 81 49 5 6 78 18
200 300
7 3 6 9 4 2 10 5 8 1 3 7 4 6 2 8 9 5 7 4 2 10 8 6 1 5 9 4 7 2 8 6 3 5 9 2 4 7 6 3 8 10 2 5 7 4 9 6 1 8 3 5 7 2 10 9 4 6 8 3 5 7 2 4 9 1 10 8 6 3 5 7 4 2 9 6 1 8 10 5 7 3 4 9 2 8 6 1 10 3 5 7 4 9 2 8 6 1 10 15
15 8 23 19 11 30 5 17 29 20 14 22 6 18 27 12 21 16 24 13 8 19 25 10 20 14 28 7 17 29 13 22 11 26 16 20 9 23 15 18 27 30 12 24 14 21 10 29 13 28 8 18 23 16 19 27 11 22 7 17 30 26 15 25 12 29 13 20 8 27 14 21 10 19 24 17 29 11 30 15 26 9 28 12 23 16 20 18 14 25 7 22 10 27 13 29 11 24 8 30
2000 3000
22 34 3 7 45 32 47 43 31 30 27 11 27 16 43 18 17 41 39 46 22 44 6 39 38 32 43 49 33 23 17 2 9 43 29 49 4 34 7 9 28 35 42 14 10 2 48 33 33 12 44 29 22 42 15 19 37 3 13 14 27 40 25 13 45 3 5 41 33 10 49 27 14 26 43 32 29 41 8 37 29 6 9 37 8 16 46 10 29 3 10 10 37 49 5 20 2 4 21 46 2 22 42 25 3 26 21 25 42 20 2 22 7 32 31 4 25 38 30 32 27 4 36 26 27 7 7 10 23 14 11 37 18 39 8 45 12 41 40 17 15 24 47 18 43 38 46 48 14 43 17 17 38 45 43 46 3 17 35 31 31 30 10 2 18 25 28 3 1 4 47 50 5 1 47 15 12 24 1 7 12 32 50 27 40 23 35 40 36 50 23 24 42 11 2 22 38 22 16 18 24 36 4 44 30 49 41 36 16 25 34 38 2 1 5 31 46 4 40 6 48 14 10 44 32 26 26 25 11 34 5 34 1 44 8 31 35 44 23 22 16 16 2 17 39 31 25 20 19 7 5 2 5 14 16 19 39 18 30 22 43 30 27 43 26 32 29 5 35 46 42 50 13 32 29 30 3 26 33 36 13 43 23 46 1 4 45 26 25 34 9 3 47 50 26 6 16 12 43 35 7 27 28 41 50 49 11 4 20 28 34 49 44 47 5 49 40 41 44 31 21 22 3 6 46 24 1 6 8 13 10 38 33 50 2 5 8 24 11 16 9 3 38 39 19 42 5 47 9 41 21 50 35 14 35 21 1 11 48 14 50 15 50 3 4 38 8 12 29 7 2 42 34 33 21 3 17 29 29 1 7 26 6 49 49 27 20 26 32 19 40 9 45 43 27 48 19 5 4 30 17 45 20 45 36 2 48 40 23 9 27 27 15 37 35 50 26 47 15 28 45 42 15 28 36 48 30 7 36 43 13 29 21 11 44 25 15 10 1 16 27 36 38 16 15 35 7 37 47 33 14 50 31 41 13 1 18 9 32 2 49 41 38 2 9 34 48 11 42 1 3 21 42 14 14 9 44 12 6 3 20 12 41 21 18 25 9 10 50 34 6 34 11 7 27 25 7 3 25 10
16 15 92 15 44 73 55 88 95 36 14 6 81 74 47 93 6 77 16 28 20 51 16 51 28 56 71 38 78 82 30 40 69 30 1 42 17 9 29 85 73 46 99 1 67 43 31 1 72 71 64 91 44 84 51 2 35 25 90 97 100 91 84 81 81 85 49 78 75 45 15 34 28 41 89 56 27 80 21 91 54 28 83 93 25 94 45 67 76 84 54 28 42 53 29 59 92 21 34 87 16 26 65 94 34 16 49 63 24 87 36 29 82 34 20 24 64 79 21 37 37 57 67 26 57 34 53 23 41 7 40 96 99 91 74 14 50 22 62 9 31 1 65 56 25 6 30 69 40 2 27 7 88 77 18 71 54 77 28 86 71 43 76 3 84 69 64 92 59 59 29 84 69 29 1 87 81 75 65 66 16 94 78 73 15 30 72 2 36 73 27 91 88 7 53 80 58 83 15 83 35 22 77 10 96 65 19 66 64 87 30 5 72 79 1 77 30 2 43 70 57 66 11 83 67 66 63 11 29 92 45 59 86 84 69 39 15 54 1 38 1 79 13 90 71 32 86 54 66 68 68 14 56 44 30 14 91 14 37 66 17 81 37 74 86 36 1 12 50 42 96 91 67 71 15 51 26 76 80 65 16 64 49 88 51 91 64 42 47 56 46 17 48 1 70 96 54 99 47 3 42 20 67 15 28 5 81 74 22 14 53 34 7 56 94 5 4 97 48 38 46 59 83 42 44 19 65 29 21 94 76 36 100 19 65 97 33 68 17 81 89 26 49 18 49 11 71 50 58 56 44 85 53 52 50 68 29 49 53 35 58 85 48 48 65 17 36 8 67 99 52 12 8 71 84 91 88 87 49 68 78 82 22 17 72 82 85 36 33 48 43 100 49 88 65 23 29 70 15 20 74 26 100 3 60 56 1 45 66 83 88 47 27 100 73 90 87 5 45 85 69 3 66 8 85 79 48 59 57 58 92 26 30 42 17 76 58 92 76 60 91 73 80 32 89 84 94 42 72 42 79 46 44 91 68 55 78 17 42 21 24 52 81 37 85 13 62 27 62 55 6 56 46 33 33 90 89 24 94 92 13 87 23 33 67 62 49 12 65 22 74 12 72 64 12 11 68 5 49 46
20000 30000
98 67 78 41 95 18 40 53 24 46 70 49 23 85 2 46 34 48 33 74 88 29 100 51 25 3 74 56 8 88 58 42 74 20 13 93 48 31 75 93 50 77 19 39 96 73 70 46 76 69 100 40 39 80 58 60 36 40 67 33 13 75 24 20 11 4 36 71 19 51 33 5 63 27 42 81 54 91 3 10 19 1 67 16 69 53 6 11 59 16 11 87 7 83 94 99 30 35 76 67 4 89 98 9 3 13 38 17 32 78 52 81 53 10 41 61 76 25 3 44 52 30 78 62 26 12 9 54 67 93 99 6 39 81 68 75 4 95 10 100 28 15 60 9 42 8 52 85 33 17 80 35 63 82 82 8 93 55 74 90 10 10 4 39 32 5 90 38 93 66 20 8 10 56 79 71 6 3 42 64 60 64 91 15 55 31 84 99 3 41 29 42 96 16 56 15 67 44 69 91 98 12 40 59 21 63 94 68 59 24 32 76 89 77 52 15 42 11 39 49 74 64 67 90 4 13 57 3 57 18 65 35 33 85 74 97 26 49 83 17 7 42 29 61 75 9 84 78 71 46 79 61 30 22 28 37 41 10 99 38 7 92 32 58 80 68 59 82 45 75 71 36 68 1 17 21 64 79 33 71 35 68 44 45 87 17 64 40 10 23 20 70 48 9 100 33 49 53 85 77 48 66 100 81 64 87 33 36 77 39 95 8 48 75 53 60 75 99 99 5 33 30 87 88 14 100 44 51 72 93 57 63 52 1 66 55 25 89 33 58 94 58 32 21 55 25 38 33 95 96 72 60 60 62 37 44 88 18 42 28 73 33 26 33 74 100 41 34 16 41 89 57 91 58 35 50 49 78 46 36 24 54 34 100 100 85 80 87 87 64 20 82 4 53 45 36 27 63 48 6 5 5 58 64 52 31 92 40 32 16 41 85 59 46 32 25 15 76 99 9 21 100 67 72 12 65 91 56 66 96 77 12 78 89 64 48 82 100 33 70 95 81 27 94 33 78 64 39 9 69 19 100 51 14 63 96 31 28 37 51 77 69 91 5 29 46 65 74 76 17 1 47 38 83 82 47 95 67 84 80 18 69 36 60 13 57 54 8 15 38 71 61 85 74 42 68 51 61 70 69 9 15 13 10 25 15 10 45 81 30 93 34 56 18 44 76 76 92 78 27 57 13 30 67 70 24 7 47 82 25 33 8 65 1 66 37 85 70 47 60 83 69 89 83 25 36 56 41 77 33 20 70 6 89 24 38 65 74 87 86 35 89 1 62 12 76 47 22 60 1 60 10 63 99 35 15 85 80 21 78 5 91 35 71 13 62 98 12 32 89 50 28 19 95 99 55 11 90 1 78 24 61 83 65 52 91 3 14 98 65 92 42 70 73 94 67 54 78 78 88 89 41 72 66 71 29 14 3 89 72 38 7 88 74 18 97 18 88 26 20 99 69 68 86 70 59 57 21 73 18 60 38 82 83 43 57 91 87 57 39 17 74 72 32 1 72 64 85 86 12 89 66 8 7 87 71 20 67 94 91 97 51 66 15 1 16 15 63 24 87 86 44 88 76 77 84 86 85 30 3 52 57 77 65 6 70 44 5 28 25 58 76 29 8 35 22 91 52 29 23 25 16 48 77 18 38 90 48 78 18 25 58 3 36 6 20 89 60 68 44 96 92 58 77 58 30 44 95 55 82 25 20 55 61 83 43 86 47 91 93 33 67 4 4 100 82 98 16 22 19 63 98 78 65 10 73 55 97 64 82 74 49 50 43 47 50 48 50 31 24 59 70 72 58 95 74 63 9 66 63 81 38 54 15 56 52 73 37 9 34 19 96 95 66 28 64 83 29 76 3 48 76 39 74 41 68 80 15 48 22 33 72 22 29 54 62 51 100 35 19 66 21 85 38 92 9 38 84 30 96 97 43 48 60 2 45 98 94 9 31 73 20 91 54 3 83 42 7 19 44 40 78 16 2 7 22 3 55 59 2 86 16 84 74 53 3 19 10 3 62 99 100 49 89 96 46 43 2 2 53 81 97 49 36 5 92 70 100 87 82 58 49 25 3 33 43 47 15 1 66 73 68 61 56 64 29 44 79 98 50 43 70 71 66 17 58 78 20 16 55 38 1 34 8 26 2 87 12 14 91 13 82 67 49 81 24 87 78 56 3 77 43 78 26 35 78 11 38 14 28 99 5 36 60 80 90 39 99 85 62 66 39 91 36 69 40 24 70 23 44 16 85 65 25 54 23 27 80 58 90
27 10 23 35 46 22 12 2 38 36 17 41 41 12 10 10 49 43 12 43 4 16 20 26 27 27 15 19 15 1 11 33 34 42 25 24 24 44 47 21 32 26 37 40 31 41 1 3 3 4 40 20 9 40 8 19 42 16 42 30 36 35 31 44 6 47 25 24 49 19 10 10 30 16 42 28 17 41 39 14 3 29 31 17 49 9 18 9 10 38 46 21 47 28 33 49 7 40 41 50 12 29 45 42 13 43 23 9 40 3 30 22 40 32 34 15 46 49 20 33 29 50 34 11 20 8 38 37 10 22 20 14 7 50 1 6 23 30 18 49 19 1 5 10 16 32 49 11 27 6 40 21 28 9 47 30 26 7 48 18 24 12 34 45 27 11 12 5 44 16 2 46 13 18 1 26 3 50 43 22 12 38 21 49 2 8 49 10 5 48 49 29 9 8 33 36 45 28 39 22 48 2 31 31 33 12 14 15 20 28 45 19 20 22 4 12 33 30 6 16 3 13 4 33 20 36 7 40 35 25 15 39 8 49 28 45 19 18 13 3 40 14 20 3 9 17 22 7 41 37 49 41 25 22 23 46 8 46 43 32 36 20 15 43 33 47 15 8 46 16 12 3 1 31 25 31 31 41 17 10 23 31 28 48 10 6 27 38 2 5 20 19 50 15 19 20 33 11 44 6 17 44 28 21 31 14 40 47 39 15 27 40 40 10 42 10 50 47 24 28 27 34 46 16 34 25 33 9 14 4 38 27 5 8 50 29 46 10 47 28 24 18 18 6 14 8 47 46 18 36 8 6 11 35 12 18 13 13 10 36 20 13 9 12 10 1 44 29 50 29 29 45 47 31 16 43 13 10 9 24 14 5 25 47 15 29 24 36 50 34 37 47 41 46 25 23 44 6 13 26 40 31 47 49 46 18 25 2 48 16 21 25 20 2 8 42 5 20 50 26 15 13 33 21 27 5 32 33 26 6 22 20 9 47 28 33 46 22 16 36 30 14 22 15 30 28 1 17 46 6 3 49 44 24 48 37 24 34 16 31 33 5 7 1 43 11 2 34 35 43 46 12 16 18 1 33 15 39 35 34 47 25 8 7 39 21 49 14 22 26 36 50 38 10 42 34 16 22 12 21 26 41 47 23 48 50 16 24 46 10 44 12 47 26 5 34 47 40 40 14 2 46 21 27 50 41 42 45 9 48 11 27 12 5 44 36 11 14 26 5 14 44 4 4 13 47 40 7 20 28 44 21 12 36 14 45 11 4 15 33 45 34 1 13 17 11 35 32 9 4 33 4 33 31 8 5 27 18 8 44 36 27 7 25 34 42 13 37 35 21 25 49 4 16 14 32 14 48 16 20 7 32 14 3 24 50 11 46 13 40 24 32 36 11 33 2 15 26 45 33 45 11 7 31 50 30 13 10 20 45 7 23 35 17 30 50 47 49 29 34 8 38 48 50 18 14 6 49 2 24 2 12 3 18 35 39 4 14 24 27 45 40 31 35 37 5 37 5 10 4 1 4 48 48 15 37 25 8 43 39 25 44 31 15 37 13 2 7 47 14 7 2 23 21 26 11 42 33 1 40 29 37 8 46 36 29 7 1 25 28 20 12 13 30 4 26 17 41 33 18 36 30 6 17 45 49 45 48 19 9 42 17 33 8 43 42 6 34 30 43 47 35 24 30 13 44 12 19 17 44 27 29 38 1 20 22 5 17 21 21 41 6 29 21 11 43 17 9 37 37 19 2 42 18 11 15 26 42 2 34 19 14 7 47 29 20 44 41 45 23 3 48 50 44 42 32 32 49 46 1 2 48 48 42 11 48 24 49 27 20 19 20 48 14 12 4 15 12 8 27 18 33 47 34 31 10 47 33 3 37 2 29 36 48 40 18 25 17 9 23 34 6 4 11 43 22 15 48 12 45 50 23 12 26 27 22 41 35 50 5 3 39 47 35 40 40 43 4 15 14 29 19 40 42 31 13 19 49 3 44 50 41 12 20 16 35 11 16 37 10 9 38 7 7 24 18 49 29 28 39 7 41 50 1 48 27 6 25 8 39 5 5 4 25 27 4 15 22 23 43 16 31 30 5 12 27 5 15 28 43 23 2 12 26 8 38 36 26 14 23 34 38 39 37 35 41 2 30 4 46 41 28 3 13 30 40 4 7 31 9 12 7 16 9 26 45 25 42 31 20 19 15 43 42 34 35 13 30 23 35 34 39 22 15 31 29 16 19 1 48 30 47 22 42 29 25 16 43 19 7
200000 300000
3 22 42 45 2 45 8 48 19 36 25 4 20 40 41 3 30 23 34 41 48 45 1 38 44 30 4 35 9 21 41 23 7 36 35 16 40 46 5 29 35 8 25 37 43 34 17 49 8 49 41 13 3 10 29 36 30 7 14 41 26 5 46 11 40 32 15 31 16 36 25 6 26 20 15 36 37 37 30 19 7 43 43 40 38 46 28 37 43 33 40 36 9 49 42 26 43 30 21 31 49 33 49 40 44 38 48 42 7 16 12 15 45 32 46 25 1 13 19 10 4 16 30 33 33 39 32 22 2 31 43 15 43 46 2 22 46 34 12 36 32 13 12 48 42 8 23 44 17 13 29 45 16 31 35 19 1 6 1 14 5 37 36 8 12 17 27 30 17 12 21 36 50 22 12 37 45 14 47 7 35 2 36 48 5 18 16 30 21 4 33 16 2 32 8 16 44 1 27 11 1 50 49 12 23 18 28 49 32 7 33 23 31 43 29 15 27 33 14 12 22 41 19 28 27 25 23 30 46 46 9 39 8 26 29 14 49 26 1 50 7 45 23 31 4 17 43 26 9 21 41 40 44 31 6 46 28 41 27 30 28 6 15 27 15 5 7 32 26 8 29 10 4 50 14 39 26 1 13 8 46 3 39 2 25 29 38 2 28 1 11 44 6 40 29 32 28 42 4 50 37 12 41 12 45 19 34 26 2 19 18 2 29 24 5 2 8 23 15 41 24 37 48 18 39 26 8 30 5 23 5 6 30 37 44 9 1 14 28 17 47 39 39 1 25 18 17 19 44 33 32 45 46 44 43 5 9 29 2 38 40 20 17 29 18 44 40 8 16 10 5 14 15 9 36 22 13 33 42 48 6 8 19 20 19 47 49 23 45 2 13 34 43 17 1 25 19 3 42 1 11 12 25 46 29 18 32 32 18 48 43 41 7 7 7 45 36 18 34 21 47 49 8 14 17 38 39 49 10 50 36 4 24 43 20 17 50 7 27 8 29 21 23 41 47 49 20 14 6 13 40 30 29 15 6 25 34 11 40 39 7 40 18 12 10 19 37 33 25 38 49 18 11 7 44 2 12 39 15 12 16 15 18 20 42 42 16 38 8 48 35 26 41 13 3 10 4 48 11 39 48 23 6 35 42 7 1 24 1 19 44 3 42 17 47 21 50 49 41 47 10 16 27 17 28 36 17 37 20 41 22 6 47 25 26 14 41 26 17 50 23 13 9 13 42 19 45 33 14 19 35 36 20 17 14 50 1 22 1 13 47 29 45 2 13 36 46 15 33 18 33 9 12 46 36 20 48 8 8 32 47 1 37 43 30 17 33 25 29 49 43 42 43 34 15 9 42 14 37 34 29 8 48 42 12 6 38 40 15 39 43 19 45 24 7 14 10 7 17 48 22 15 48 13 46 1 35 23 42 7 12 45 34 17 29 41 14 48 25 40 35 35 3 25 50 36 19 33 24 35 7 13 7 12 13 33 39 29 41 25 21 12 7 39 35 11 24 22 41 38 42 29 46 16 19 45 36 3 16 5 12 50 3 24 7 50 11 21 44 27 16 1 5 40 28 10 11 6 40 27 42 27 43 50 46 41 14 19 38 49 32 49 47 32 27 20 39 14 50 19 44 28 38 24 31 46 28 11 1 13 45 38 12 17 7 20 11 19 27 41 37 10 46 40 4 49 6 41 5 9 49 46 47 42 33 25 40 12 18 32 43 31 25 37 22 25 49 28 5 11 32 48 23 2 5 12 38 44 27 12 10 9 11 18 19 9 7 34 26 17 20 10 43 3 36 40 10 5 38 23 20 4 12 11 33 28 3 25 47 17 23 35 47 19 1 23 33 44 7 5 50 11 18 6 34 1 26 19 43 37 33 48 39 28 36 39 18 33 37 47 29 12 44 35 31 7 48 26 25 30 47 18 42 1 8 23 36 26 25 34 7 15 24 37 28 16 18 25 9 48 30 2 34 24 33 16 41 28 10 10 33 37 39 17 30 18 38 31 38 18 1 47 2 33 14 6 3 23 18 23 4 4 39 38 36 17 41 40 15 46 15 31 29 44 34 47 33 50 9 41 40 38 42 36 30 30 31 40 41 36 35 14 41 10 19 43 6 48 49 25 39 17 20 50 3 12 31 39 40 17 18 12 20 3 44 31 40 43 43 17 7 36 11 38 47 12 41 37 40 26 18 6 32 34 5 48 7 16 30 9 17 3 22 6 48 26 47 2 48 27 25 11 36 8 10 42 14 44 11 45 16 9 50 11 8 47 42 44 26 28 28 45 36 39 48 14 18 16 33 5 29 31 43 21 18 4 21 25 9 27 28 38 10 40 8 39 34 14 17 34 28 35 4 10 10 39 14 31 14 3 42 9 10 30 20 19 41 37 42 17 31 3 34 2 11 29 30 1 27 24 2 30 23 21 48 12 39 12 9 36 37 4 27 22 50 24 26 22 12 38 45 24 16 13 36 24 22 42 38 43 12 7 43 6 2 49 14 43 31 13 38 26 5 7 29 38 5 14 50 14 24 27 18 2 24 34 49 45 4 12 9 44 46 19 44 41 33 4 31 48 48 6 24 42 20 47 10 9 43 44 14 28 20 29 18 27 40 8 3 50 7 36 5 30 45 35 32 10 42 29 39 39 34 8 18 16 5 24 29 13 44 13 34 7 21 38 5 33 48 26 27 30 31 43 9 40 28 22 36 14 24 32 44 21 34 31 2 8 10 39 38 32 18 19 29 6 31 27 12 40 29 9 12 39 15 4 21 38 20 36 39 36 16 38 29 26 17 2 33 47 10 25 35 27 24 17 37 37 3 40 19 25 29 1 29 16 28 30 34 5 18 46 39 42 44 2 48 27 39 38 49 20 3 20 12 18 7 17 33 11 5 16 17 6 50 32 7 41 14 40 9 25 31 45 26 38 36 12 32 12 44 42 48 8 9 27 13 21 19 2 46 3 36 28 27 42 26 8 15 29 40 26 48 23 6 9 4 28 37 18 9 42 24 15 15 47 23 24 36 7 32 17 21 2 2 21 6 9 33 13 19 40 39 17 48 49 46 29 13 40 37 46 48 17 9 15 33 28 32 35 49 14 2 43 19 25 15 23 19 44 48 26 27 40 47 7 46 40 3 27 18 45 3 8 38 1 29 28 41 5 31 17 34 24 1 2 38 43 42 20 2 3 8 24 16 36 3 50 28 7 42 41 9 34 15 32 29 25 28 14 11 4 6 16 11 3 32 18 5 24 50 30 37 43 21 39 11 34 1 15 2 7 34 46 37 14 10 11 7 36 21 48 37 23 49 8 14 1 45 21 19 34 49 39 38 4 21 8 45 2 46 6 19 2 38 14 26 31 11 34 18 8 12 7 12 12 26 34 45 8 22 22 10 37 41 49 8 33 28 33 7 28 5 15 34 44 4 13 8 3 46 45 44 41 32 34 30 43 25 32 36 4 14 42 37 2 36 2 19 49 9 17 28 19 49 26 9 7 31 26 48 45 23 28 40 27 20 28 48 11 36 33 29 10 37 16 13 25 3 50 17 41 20 17 38 6 20 13 46 30 12 13 38 44 23 16 48 32 35 40 4 9 44 25 47 46 23 32 21 29 34 18 14 27 32 1 4 7 1 16 9 26 41 1 48 27 40 47 6 35 5 13 28 8 28 35 34 33 36 4 31 18 33 22 12 36 42 47 19 37 30 2 45 11 31 40 2 2 23 39 40 11 41 41 25 44 29 16 31 44 39 22 2 11 31 26 34 36 18 12 36 5 32 13 14 46 44 35 3 18 34 24 14 39 20 17 40 10 46 23 17 34 37 10 37 31 2 4 40 19 18 33 40 3 43 44 14 2 9 50 21 20 10 33 36 1 10 31 42 11 48 19 28 28 17 9 31 34 24 26 3 24 13 29 13 4 13 10 20 21 41 5 4 30 45 35 20 16 35 30 42 4 40 40 6 22 22 23 26 15 45 48 2 1 10 4 27 49 40 3 32 14 43 38 37 44 9 3 10 48 18 1 9 19 35 33 14 48 43 9 37 33 19 37 9 42 26 30 31 2 9 32 15 45 37 42 26 9 39 42 49 31 2 9 3 39 40 28 49 42 33 29 40 26 16 18 24 50 24 11 29 36 33 11 12 21 14 36 24 14 5 5 17 29 19 40 39 49 43 49 34 12 50 17 29 39 20 18 20 47 24 12 36 40 22 24 47 27 28 28 20 33 49 38 12 43 15 33 34 47 17 40 49 22 5 12 18 7 44 48 18 39 10 40 7 3 47 32 6 32 31 4 24 28 15 26 46 13 24 41 4 17 42 42 31 41 43 1 12 17 22 25 20 26 21 27 21 19 1 2 13 13 12 8 28 22 2 8 38 8 48 41 32 25 25 47 2 23 5 5 18 16 10 26 32 26 21 25 11 16 4 4 11 36 45 20 17 45 23 15 50 8 24 32 42 37 4 3 44 37 48 49 26 28 36 22 41 28 31 1 14 6 22 9 19 16 14 33 17 24 6 31 8 38 34 6 48 27 8 39 13 12 10 3 23 43 42 6 33 23 14 21 44 5 30 16 10 16 48 32 10 17 8 37 27 16 32 22 18 14 49 44 49 43 16 10 48 23 50 4 16 39 27 29 15 4 15 33 40 38 39 45 39 50 20 1 22 39 24 8 3 12 37 33 39 6 22 3 8 38 44 39 18 32 7 7 2 17 13 42 38 14 17 18 50 9 5 10 38 26 11 35 33 38 45 22 16 10 10 32 48 39 21 16 30 41 37 5 1 23 7 16 14 22 10 48 42 26 34 40 43 40 3 6 39 17 16 32 12 37 34 25 48 15 11 36 38 13 35 29 3 19 8 47 1 18 45 6 24 17 17 7 39 20 3 24 47 31 2 34 49 49 43 3 31 5 1 45 19 7 4 35 1 20 44 35 35 50 20 8 38 49 11 22 25 43 31 23 26 26 20 1 1 21 5 31 1 29 22 45 8 5 18 19 29 14 29 44 4 39 1 49 39 40 8 35 24 47 32 44 27 36 25 26 39 27 17 27 27 15 23 23 32 18 49 42 9 15 16 35 28 27 39 32 36 1 24 30 14 9 41 15 31 5 40 24 1 9 45 2 47 6 15 39 20 24 28 16 27 40 17 13 43 12 33 31 2 44 17 13 1 47 18 22 45 37 35 19 44 13 19 1 24 44 11 36 24 15 22 11 28 29 26 4 9 50 21 4 13 48 15 8 31 25 23 46 16 17 35 36 35 43 15 50 24 33 44 35 1 26 13 1 15 20 6 30 45 44 38 11 31 17 2 6 10 23 1 39 22 4 6 48 38 37 8 9 20 6 43 35 21 41 23 19 31 23 22 36 4 45 12 22 49 48 47 25 43 45 8 29 41 19 13 18 34 15 17 26 16 15 1 24 29 39 22 10 40 20 9 11 30 26 10 11 32 44 3 2 38 14 9 24 35 31 37 16 47 23 38 42 38 27 45 32 7 7 29 26 49 25 27 25 26 35 20 36 3 3 34 23 20 23 45 7 5 19 42 35 8 34 2 36 26 49 25 27 47 28 40 2 17 8 28 50 21 13 29 16 21 25 10 44 22 9 21 30 36 10 7 32 7 8 3 32 30 39 12 41 24 46 39 32 19 23 34 26 2 14 27 3 45 13 29 39 19 16 27 31 47 28 22 14 12 50 6 44 38 19 3 27 25 8 38 7 46 45 13 26 34 28 40 48 47 25 24 45 14 11 40 12 40 49 5 23 44 17 36 40 21 6 11 5 25 45 20 2 49 16 48 2 30 2 32 49 9 8 40 4 45 25 3 49 48 15 38 11 2 8 11 27 15 17 49 5 23 3 9 8 12 15 21 24 42 19 3 19 48 13 24 18 21 49 24 3 30 35 50 25 4 49 39 1 2 37 24 8 39 7 23 44 48 44 24 17 7 25 32 50 38 33 34 9 24 44 39 41 4 22 23 1 26 46 2 46 37 12 20 23 20 15 45 21 34 37 8 30 18 5 10 15 12 21 37 23 49 20 30 40 35 6 23 14 12 20 4 31 42 25 28 44 37 9 49 30 19 48 40 28 37 44 45 30 36 40 19 4 33 34 43 5 11 19 28 43 4 4 33 44 45 19 11 10 10 33 31 30 41 45 25 35 26 29 40 29 41 49 11 41 1 15 31 31 16 36 5 13 3 37 24 42 12 49 18 40 50 33 3 35 45 20 38 7 38 17 43 20 21 6 35 19 11 13 42 35 45 48 38 34 37 9 28 17 46 48 30 3 38 26 48 47 7 18 42 13 3 20 25 14 8 14 37 48 15 40 33 35 1 47 12 41 1 35 13 15 50 28 30 6 10 32 19 15 26 27 14 28 4 48 8 33 7 13 8 25 46 14 23 4 45 48 36 38 29 28 10 16 25 45 4 38 10 28 49 37 43 14 43 25 2 42 41 18 43 36 40 2 27 18 12 28 26 37 5 37 30 34 1 42 13 13 15 18 7 9 4 20 15 2 38 35 6 33 4 2 3 2 29 1 11 19 18 21 10 36 6 34 38 27 45 43 29 28 27 29 23 36 17 37 29 3 18 45 17 4 49 14 26 4 46 25 2 17 33 4 17 2 7 21 47 23 38 4 7 35 35 39 5 16 45 37 13 5 50 42 15 49 5 24 38 6 9 36 25 40 1 25 4 14 18 3 49 26 22 43 4 30 39 44 42 37 41 11 19 19 14 43 2 33 12 49 4 15 47 29 36 7 43 3 19 15 26 45 33 40 8 18 29 9 47 23 50 45 5 11 1 25 1 39 19 14 40 48 5 50 23 7 6 25 18 11 33 41 29 38 35 35 46 27 30 49 14 12 7 27 29 22 44 6 13 25 24 39 21 39 3 50 9 24 6 14 6 7 50 1 35 15 40 23 9 16 13 24 21 42 23 41 3 42 48 48 9 29 28 18 28 37 1 1 24 11 7 13 43 31 37 50 50 8 34 4 23 6 16 48 7 37 8 7 47 15 13 40 5 42 36 35 48 14 1 7 33 39 33 17 37 41 22 5 42 27 6 43 32 45 23 49 31 39 40 14 35 27 43 15 43 9 34 13 29 18 3 13 45 35 37 26 46 18 24 15 14 2 7 23 26 42 30 21 5 34 13 22 31 14 23 3 17 49 43 24 30 48 24 48 4 19 45 3 20 3 18 26 21 40 13 41 43 47 48 49 47 30 11 18 36 30 30 36 37 20 3 50 20 15 26 5 30 42 8 41 44 28 27 44 17 27 33 43 11 6 15 46 49 25 4 13 49 24 28 12 15 35 24 22 32 48 23 37 36 9 31 9 46 17 16 34 47 18 38 14 23 25 46 35 22 19 39 3 1 47 18 14 16 11 23 44 5 19 44 43 35 16 10 40 5 24 22 7 40 25 42 30 15 40 27 45 47 19 5 10 30 2 17 48 1 11 30 42 50 27 12 21 36 40 25 30 19 3 39 21 48 26 16 22 22 15 50 47 25 31 48 4 20 3 18 36 26 13 12 13 12 32 4 9 8 34 32 18 22 4 14 40 7 7 32 43 19 39 9 49 46 15 33 26 2 8 39 50 27 3 42 4 6 7 42 48 9 45 8 26 7 15 42 29 34 11 20 18 42 10 34 33 1 8 7 6 19 8 50 30 48 2 5 50 14 38 47 6 33 15 4 32 31 11 11 30 8 44 28 38 38 25 32 9 25 46 48 28 43 48 50 6 8 33 25 37 36 4 14 9 16 35 44 1 9 41 7 48 49 34 11 31 40 15 38 42 32 25 49 43 1 26 42 25 31 2 33 45 43 8 23 9 47 2 23 10 25 3 37 10 40 13 9 26 6 6 11 3 9 35 33 33 13 31 32 6 32 2 44 34 4 13 17 31 35 7 26 31 3 24 41 44 46 29 17 37 11 13 36 21 6 26 41 23 21 2 47 43 33 45 33 28 12 11 1 13 11 37 45 2 40 1 34 14 34 19 13 46 19 35 20 46 48 24 18 38 20 33 38 50 42 36 21 25 28 40 47 21 13 36 19 7 25 38 47 30 8 15 38 42 31 34 15 45 10 46 31 3 49 9 29 22 14 34 17 46 13 36 9 46 33 31 4 49 1 11 24 20 45 42 40 42 11 18 6 49 30 10 37 50 29 49 3 16 10 43 27 39 24 31 39 8 18 30 26 44 26 50 49 21 16 50 38 38 29 40 5 44 12 19 19 7 46 13 25 12 45 16 47 44 20 49 25 14 21 8 46 31 37 47 9 39 26 28 21 29 1 49 2 37 12 27 21 36 13 10 20 5 9 25 10 9 37 48 43 33 45 10 29 5 2 28 5 42 27 20 11 31 6 29 3 5 14 24 39 42 35 38 22 24 22 21 14 19 39 48 40 9 2 10 20 3 1 31 37 32 41 22 28 13 36 6 16 18 14 48 50 29 44 9 24 34 1 45 2 6 2 4 14 33 26 21 46 12 40 12 8 10 26 16 9 50 31 40 20 8 14 34 21 11 40 18 44 23 24 8 12 25 25 2 39 2 47 50 46 11 14 16 9 49 23 34 18 49 15 44 43 43 41 38 35 32 22 18 48 17 7 33 12 36 46 7 14 1 40 39 7 4 40 14 23 50 13 28 40 44 21 42 21 42 7 4 21 43 15 22 7 2 38 39 32 22 18 24 50 50 5 23 46 11 43 33 24 8 49 37 4 24 50 17 1 4 25 22 42 49 34 41 32 44 18 22 25 48 13 49 17 39 38 34 7 36 8 39 48 25 26 45 6 4 30 8 6 22 43 46 28 50 10 18 50 16 28 37 42 43 47 29 7 40 21 8 8 32 12 13 19 44 40 40 26 36 44 26 34 25 20 47 14 39 22 34 9 18 21 15 36 45 9 19 2 1 3 15 39 29 42 14 24 14 50 10 23 8 38 20 25 18 7 35 31 12 15 46 13 20 23 7 49 26 25 7 3 24 1 2 48 36 1 31 10 13 12 21 4 33 9 13 32 25 25 11 1 5 26 16 12 49 44 27 45 17 25 11 8 33 36 14 34 28 6 30 24 25 20 14 12 1 49 20 47 11 16 18 24 46 38 21 11 29 17 50 23 17 36 8 7 49 43 13 21 22 4 12 13 34 4 35 19 31 22 7 28 50 11 41 27 19 38 11 3 2 22 43 40 11 21 31 47 45 15 31 6 50 50 16 10 21 15 20 11 26 46 49 13 19 12 49 7 42 30 28 47 19 26 40 41 9 24 40 1 17 47 4 40 47 48 30 26 41 9 39 2 29 44 9 26 11 25 48 18 29 29 31 28 17 19 6 46 1 21 43 48 50 48 21 36 24 13 11 28 15 27 13 46 3 6 3 28 22 8 12 10 40 20 31 45 27 46 35 44 21 24 22 10 41 43 19 21 28 33 9 35 22 21 39 34 44 14 17 12 18 38 24 20 46 5 17 36 24 25 22 7 21 31 24 45 12 10 44 22 17 49 47 2 46 19 22 46 42 31 40 41 21 47 6 15 47 1 8 48 13 14 27 46 32 20 34 8 46 34 25 10 4 24 15 21 40 13 18 44 46 4 28 29 47 19 6 44 47 33 44 21 36 43 14 47 34 13 32 23 42 46 40 33 26 46 15 17 17 48 32 10 47 5 20 8 26 42 4 49 41 26 20 48 8 29 44 23 50 15 49 42 37 14 26 43 36 33 28 38 16 26 13 18 35 15 22 41 9 14 48 1 12 18 12 32 22 49 31 22 21 38 42 34 30 32 37 20 43 17 20 11 34 9 25 28 27 20 19 47 5 6 6 9 50 12 38 43 2 32 8 45 13 22 10 34 27 50 49 48 1 22 13 45 7 12 24 32 42 40 13 19 46 47 4 48 50 24 20 26 30 41 3 4 37 36 34 44 47 24 21 30 17 18 22 12 43 31 20 50 7 50 33 26 50 42 17 12 30 27 19 37 34 16 8 35 6 37 33 10 37 25 36 41 43 50 7 29 22 43 26 1 2 7 16 7 21 5 41 47 5 30 34 48 26 40 10 18 20 5 50 49 16 21 15 46 33 38 24 38 7 39 36 24 8 3 22 1 36 11 1 21 39 34 10 7 31 6 45 8 11 17 3 42 27 45 13 44 5 38 33 48 17 16 49 28 43 3 12 34 11 23 31 35 23 23 10 48 28 27 25 37 5 33 31 36 37 17 25 39 6 36 21 11 39 1 47 14 44 45 4 4 38 46 16 50 32 26 26 31 33 27 20 24 27 9 1 45 42 38 25 28 10 21 22 23 21 23 43 35 46 22 6 31 41 38 1 35 15 40 15 42 16 4 46 14 8 38 15 34 1 28 22 46 26 8 20 33 27 28 23 41 11 44 41 38 16 22 39 31 38 19 34 4 29 15 31 42 5 30 18 27 44 5 7 32 35 21 23 33 17 4 11 25 43 27 22 27 25 28 35 15 13 2 44 6 31 19 34 18 3 6 46 21 34 33 12 6 7 15 22 27 14 11 8 8 21 30 27 32 45 32 7 25 33 20 20 11 28 13 14 49 11 12 6 1 26 41 16 2 42 19 13 27 14 10 42 41 48 49 47 22 44 24 21 22 8 1 32 6 21 38 49 25 23 28 2 23 24 19 7 26 21 12 20 21 14 9 26 9 39 5 6 32 34 48 1 33 27 45 48 7 3 3 44 37 24 19 4 40 33 10 5 24 48 35 17 26 15 17 48 45 43 5 6 23 29 48 25 9 22 29 35 37 1 8 7 8 44 24 12 34 45 42 24 21 39 30 13 15 33 28 29 10 33 13 37 5 18 49 17 6 50 21 6 49 32 27 36 13 14 29 17 41 48 46 3 23 23 36 14 10 4 30 16 46 2 45 20 45 45 25 36 2 31 4 30 20 21 23 42 2 12 45 28 41 22 37 37 5 48 28 4 32 3 32 17 43 50 23 37 24 25 5 6 21 45 12 38 10 34 2 42 2 25 46 5 45 2 2 21 34 45 26 3 34 49 37 7 42 46 7 19 7 48 38 44 34 19 46 24 31 17 13 37 36 39 49 4 20 19 11 46 32 39 28 26 5 35 40 35 5 2 46 36 23 7 15 21 16 21 49 42 43 1 27 25 42 11 40 4 40 21 29 27 46 50 50 2 34 30 7 28 15 27 49 2 4 32 10 44 50 13 30 39 46 26 3 45 37 44 17 6 12 20 2 43 16 19 17 49 7 18 13 31 4 19 31 28 22 6 16 8 36 10 28 16 19 48
71 53 54 85 40 4 88 41 74 80 79 38 15 95 14 83 60 10 23 75 50 40 57 98 51 4 71 44 35 70 100 96 1 26 52 32 93 96 67 66 52 42 8 75 83 100 79 58 90 56 14 58 54 15 29 16 48 60 31 21 57 57 40 95 88 72 2 47 39 88 48 39 3 96 54 1 69 59 44 26 92 77 73 86 54 7 52 22 66 54 97 36 42 17 46 92 90 20 76 28 78 7 71 60 11 2 41 84 97 65 51 78 73 92 66 85 13 29 61 64 72 18 31 12 82 12 96 40 85 47 12 93 40 49 73 29 5 49 28 61 4 78 93 8 91 55 72 99 85 93 41 56 10 71 30 64 76 41 32 12 35 76 91 50 52 1 59 70 76 36 87 52 12 31 62 35 35 65 64 27 23 32 99 35 51 4 53 85 15 25 67 53 68 53 3 94 9 25 94 38 1 35 69 44 6 18 28 73 44 59 1 71 51 31 4 73 92 86 94 97 18 44 19 47 60 85 20 50 5 51 85 42 61 100 29 18 66 54 41 4 7 71 65 59 83 11 78 37 28 34 22 42 41 24 14 78 2 79 98 27 99 10 78 46 70 65 100 18 33 4 96 52 7 63 5 72 23 17 81 23 19 3 79 19 13 13 63 23 49 2 5 78 64 63 3 70 49 16 61 32 95 7 33 32 79 28 57 7 91 83 78 25 19 71 57 49 66 27 87 29 24 46 24 87 28 1 42 51 30 4 93 97 99 54 85 13 38 11 40 9 61 24 33 26 39 4 76 47 15 3 75 87 50 10 28 76 98 81 68 5 47 90 15 48 8 23 79 48 11 13 53 15 56 22 75 25 67 76 87 65 75 31 7 53 63 34 33 19 13 53 31 57 38 48 33 87 26 80 23 58 50 4 31 84 68 63 94 72 70 95 44 79 38 23 90 22 19 76 41 83 97 35 62 52 50 55 67 89 95 37 55 70 49 18 5 13 33 94 67 26 46 93 59 44 22 43 79 100 78 12 81 22 84 92 37 91 63 50 53 81 99 35 50 97 61 63 89 52 85 1 99 97 66 91 84 5 46 32 65 39 51 39 93 10 21 18 81 28 86 91 32 84 15 8 48 15 73 25 66 35 43 50 8 82 35 34 18 45 43 76 15 16 91 64 74 17 27 8 81 9 71 54 34 63 1 53 94 57 52 18 75 9 29 36 35 12 57 71 26 18 33 30 6 20 78 27 17 41 10 35 91 59 17 74 34 79 91 54 52 85 29 83 92 75 98 19 81 80 53 31 20 97 65 62 69 51 59 4 76 60 24 76 69 74 34 73 50 68 36 45 69 73 100 48 41 64 3 92 42 52 52 69 40 100 99 50 1 4 47 84 61 100 80 79 8 2 82 3 47 92 64 33 52 37 61 87 28 69 75 64 2 62 18 98 62 39 43 73 66 74 68 58 25 48 63 99 90 69 87 46 49 10 8 25 40 3 80 35 41 72 42 49 9 50 58 68 22 69 72 41 2 9 25 14 9 74 94 3 31 97 37 23 59 44 88 18 22 80 12 45 80 88 62 80 90 94 13 98 65 61 26 85 96 36 57 96 73 81 47 39 23 91 21 45 30 33 64 65 35 99 99 7 22 33 13 94 74 31 17 98 5 71 60 24 35 99 37 87 79 44 46 48 56 12 45 31 78 78 85 59 92 25 56 55 10 10 6 65 16 100 11 2 12 41 92 32 90 90 76 29 42 76 15 11 24 96 25 19 81 49 3 52 47 19 63 60 79 88 49 36 31 87 42 54 68 44 30 17 19 27 70 1 36 5 32 100 55 51 51 7 63 51 88 40 1 25 85 66 93 43 74 2 45 67 40 28 95 28 71 51 74 2 87 69 80 84 43 7 9 85 69 25 93 88 19 16 78 58 29 71 98 83 5 16 71 68 59 45 38 30 31 3 94 81 49 34 19 88 74 32 43 70 19 61 75 10 41 88 76 99 28 9 58 93 33 71 53 61 79 43 31 48 71 53 12 63 74 25 11 13 76 47 79 72 68 48 21 87 95 83 4 99 92 12 24 13 52 61 20 67 33 58 69 54 1 56 63 24 84 1 66 37 15 4 12 53 51 95 94 2 55 66 65 86 44 41 41 34 27 40 27 58 37 89 51 33 25 95 31 17 34 6 52 66 9 74 94 58 58 44 36 47 73 48 45 61 82 92 69 95 77 92 72 34 53 47 47 75 76 27 69 76 35 69 53 76 44 19 33 67 65 94 85 66 92 26 38 56 95 77 92 80 91 22 61 97 48 78 39 63 2 8 78 29 41 90 46 17 69 80 46 62 26 10 68 36 71 78 8 39 6 82 63 68 55 100 69 4 17 13 19 68 14 26 8 48 81 23 52 14 35 43 67 73 28 28 93 60 35 34 83 5 94 18 16 98 13 85 57 70 76 16 30 42 84 52 4 11 51 6 41 28 19 22 51 62 20 50 72 95 50 92 55 33 59 14 71 87 84 98 53 30 74 80 75 20 95 22 87 100 95 9 51 53 67 51 80 32 35 50 42 39 17 95 30 10 37 48 65 20 82 1 32 37 62 71 77 77 20 15 44 4 43 3 97 21 30 43 99 7 58 95 94 91 35 34 74 8 29 33 95 93 78 38 76 59 48 16 41 23 78 13 40 50 26 46 37 48 8 91 40 24 93 17 22 8 44 21 44 42 15 79 38 53 46 63 82 29 23 81 65 61 23 58 62 79 77 1 84 64 52 88 70 22 33 55 46 97 46 8 83 54 1 82 21 66 4 19 78 23 2 87 28 40 81 60 56 38 16 84 97 74 47 39 69 70 31 81 21 23 72 16 45 61 37 41 31 74 62 59 44 42 9 57 22 11 75 17 33 56 58 51 37 25 40 33 70 92 32 96 43 19 19 5 68 37 98 15 26 66 71 84 82 48 13 49 88 23 98 92 26 59 68 19 7 37 31 99 54 100 18 5 82 86 45 97 13 94 52 34 20 6 41 41 19 83 85 26 58 63 6 70 69 15 45 96 46 50 50 98 75 87 6 84 27 58 85 67 29 8 98 61 76 33 15 2 15 43 22 25 34 27 43 33 51 73 82 28 80 59 14 52 36 89 25 66 43 38 49 31 57 31 62 77 36 37 18 71 55 12 42 8 30 61 94 54 29 18 89 42 78 38 49 7 52 96 29 30 21 43 58 32 92 45 57 91 79 66 27 32 65 12 64 93 14 2 87 63 71 83 90 24 1 87 88 70 82 96 50 41 57 62 26 89 42 57 63 26 62 6 33 25 96 17 39 50 94 27 55 51 55 54 35 25 5 78 18 73 39 70 75 87 94 3 39 34 94 72 50 59 81 23 92 43 30 50 74 87 14 56 20 28 60 34 67 80 24 52 2 69 48 35 55 87 16 63 47 1 26 72 33 29 36 49 5 82 51 92 8 84 40 98 1 82 72 33 47 98 39 58 58 48 33 72 45 97 74 27 97 6 26 28 47 70 93 93 99 98 22 2 73 96 10 53 98 3 64 56 13 38 31 57 84 20 83 5 83 95 30 51 24 73 94 99 40 44 54 31 11 38 6 92 84 5 8 51 32 46 82 76 52 87 7 93 79 35 81 50 22 89 60 49 86 40 82 33 79 54 84 18 32 77 60 44 96 15 5 29 29 18 26 48 35 81 17 24 42 35 16 74 90 26 5 13 60 13 91 18 45 40 85 58 5 97 90 43 32 2 17 12 92 83 94 49 47 61 5 47 78 64 29 68 40 95 78 19 22 3 36 44 73 22 49 14 43 1 31 26 63 77 64 33 47 43 84 12 34 44 44 43 59 60 47 9 67 20 32 32 80 98 21 63 71 96 16 64 84 85 89 72 100 39 48 48 7 58 31 38 82 83 37 61 11 97 4 28 64 68 12 19 37 35 85 100 51 30 72 76 21 47 60 39 32 58 59 4 44 59 59 43 51 86 25 46 50 90 61 67 64 4 38 13 53 50 46 39 19 32 63 47 88 71 90 19 89 87 73 72 50 3 77 34 2 22 3 70 67 55 13 74 55 82 58 10 67 35 78 91 51 46 96 90 21 90 1 17 30 45 25 81 78 91 42 88 76 97 15 81 92 51 84 87 50 5 38 92 100 71 21 23 19 90 55 4 62 29 83 22 88 48 95 30 52 82 26 42 18 3 47 15 45 23 77 92 62 64 11 53 62 30 23 75 8 91 19 3 19 77 14 82 39 69 28 13 39 17 12 20 38 61 14 53 43 18 59 25 56 53 85 83 4 30 49 7 42 27 69 5 77 66 22 10 94 55 21 87 4 19 79 29 50 87 75 48 92 50 51 25 50 85 60 66 83 42 78 72 64 3 30 15 32 95 86 89 68 79 92 62 60 96 81 33 80 97 92 89 82 5 4 15 77 61 26 21 55 82 72 2 48 45 42 49 63 14 43 87 63 59 77 25 9 36 94 24 61 4 55 74 30 7 82 11 91 61 11 72 76 11 96 86 44 78 80 7 60 37 45 85 98 33 88 21 100 93 5 69 71 40 99 96 70 17 82 42 91 46 43 65 60 98 46 26 86 58 59 7 54 88 39 71 83 22 36 48 1 52 23 42 83 27 42 95 8 2 63 72 56 82 68 17 28 49 45 37 33 98 60 7 67 18 18 26 5 47 24 54 9 36 68 60 85 79 62 27 72 78 60 10 96 69 7 33 93 9 14 7 33 32 92 72 49 100 71 40 78 54 30 92 25 22 65 52 68 73 43 21 22 38 74 34 20 98 94 82 64 49 60 95 13 25 47 82 17 1 3 12 19 80 58 9 67 51 6 35 13 22 34 22 80 55 67 21 61 17 81 47 92 75 84 28 6 47 51 25 15 10 66 36 26 61 38 77 82 18 32 3 76 28 87 10 36 18 81 76 45 85 54 53 93 93 63 24 82 18 76 93 92 41 22 39 87 55 41 96 96 14 68 85 69 29 56 47 29 97 47 80 45 59 7 80 47 37 75 82 90 57 22 50 39 91 13 98 31 26 25 60 37 55 85 20 88 36 32 95 76 77 37 49 79 50 46 19 36 3 46 12 11 9 74 71 74 36 49 11 34 59 42 55 79 80 5 52 64 24 57 17 40 2 87 21 61 25 57 75 10 42 1 74 90 75 69 11 82 28 23 52 59 75 89 55 76 4 36 94 29 40 5 99 31 3 73 81 51 23 6 98 52 11 52 14 83 15 29 83 5 51 83 21 76 7 9 66 18 59 93 28 97 82 46 75 82 61 55 8 4 38 68 62 8 19 34 18 98 51 33 41 39 19 43 20 27 14 13 67 15 56 64 29 78 48 39 64 32 48 76 59 32 33 5 58 60 30 1 2 100 86 52 56 22 89 81 29 45 89 89 91 67 85 94 88 82 29 94 57 8 93 73 52 57 63 23 48 100 31 30 97 88 17 99 93 91 100 94 22 51 39 86 72 91 49 71 99 15 19 72 6 41 33 2 59 14 71 46 53 10 34 5 99 48 70 6 71 98 37 5 7 40 35 42 56 55 98 34 20 90 83 20 43 62 61 61 62 54 55 63 25 49 5 31 9 71 39 15 33 57 93 24 67 62 67 99 97 54 45 30 80 67 67 6 99 79 16 55 75 74 26 53 81 32 11 82 26 79 86 92 52 81 83 58 37 56 10 100 61 29 41 28 95 43 13 19 90 93 95 82 61 60 3 6 79 51 50 95 75 95 34 55 21 40 33 28 59 63 38 8 12 52 80 60 13 2 6 91 87 54 59 57 94 59 17 42 33 10 72 78 12 90 71 27 11 40 92 76 11 71 32 33 48 18 71 11 94 15 28 4 56 78 59 18 35 44 66 73 4 25 91 39 86 39 48 3 93 99 95 1 14 41 26 14 79 1 79 11 75 18 20 15 46 100 16 70 81 57 60 80 9 6 7 62 76 87 4 8 48 95 98 63 40 89 80 67 48 35 10 63 8 47 21 52 16 27 11 86 98 2 96 70 63 6 55 38 33 76 88 59 20 10 2 70 8 82 48 62 4 75 43 5 54 93 37 60 83 51 16 55 83 31 11 48 7 68 70 56 72 40 78 74 76 59 92 61 98 27 6 65 52 34 15 40 61 11 30 87 28 75 37 84 62 15 15 85 2 11 99 11 25 50 32 90 57 39 5 1 78 94 44 26 65 8 40 89 19 99 95 78 52 45 27 70 49 27 60 3 78 42 17 53 97 38 5 74 99 49 42 10 77 68 8 99 30 2 14 58 56 14 95 81 70 62 99 81 55 6 33 20 6 70 24 56 100 18 47 36 52 47 29 46 2 62 74 45 71 97 44 50 67 25 30 91 66 35 69 99 82 65 44 63 42 66 38 40 11 53 52 57 46 85 100 86 7 63 46 60 53 87 68 44 30 52 50 90 60 41 99 80 87 35 41 8 10 75 62 47 27 27 38 63 53 12 15 55 45 93 69 74 87 38 62 40 97 39 95 13 85 32 6 94 52 14 62 17 69 98 41 84 91 27 22 42 59 40 80 86 24 31 32 23 67 16 26 30 99 74 20 76 8 29 79 4 46 40 84 71 98 79 23 61 80 35 63 54 72 17 25 32 2 30 86 10 5 81 61 95 77 34 61 4 22 5 37 100 54 54 25 24 21 68 79 36 76 12 26 48 61 68 29 12 69 83 82 89 58 97 44 44 21 11 85 75 25 11 67 43 48 20 32 82 84 83 38 2 98 40 34 29 66 71 73 31 91 57 78 17 45 66 15 70 77 77 90 36 73 67 31 47 8 95 63 14 47 55 56 65 35 87 32 19 53 32 28 91 46 43 15 24 70 29 53 11 13 72 22 18 72 59 54 6 99 92 16 59 8 20 88 100 56 87 19 57 33 61 80 44 87 49 41 39 35 80 81 90 17 72 41 58 63 65 87 9 77 98 30 89 18 74 93 44 56 36 79 28 25 28 37 99 2 49 44 58 87 38 7 43 54 85 37 66 72 54 25 52 38 13 25 68 26 20 89 97 98 40 46 61 24 92 2 56 75 97 66 87 26 60 20 73 15 20 68 86 26 50 89 19 88 46 62 93 52 65 99 48 51 71 46 31 18 74 48 63 66 71 87 45 31 84 7 12 9 89 8 63 30 1 31 24 96 60 43 28 84 36 28 8 19 66 16 9 100 89 77 76 25 46 14 7 21 62 48 44 93 34 14 50 70 89 40 26 74 2 66 61 54 30 8 92 59 72 51 59 6 58 18 3 10 9 63 86 6 34 20 39 67 98 49 29 61 42 89 71 91 73 43 26 1 57 79 43 71 80 57 42 8 32 89 53 40 53 96 24 7 26 61 14 37 89 58 30 35 8 25 33 97 32 79 58 16 34 27 59 59 3 43 83 22 70 72 3 81 44 70 82 68 21 95 45 36 66 56 62 78 59 51 44 99 69 14 33 59 20 41 82 63 67 79 43 81 20 11 42 62 62 65 18 10 78 78 75 78 29 25 33 98 96 72 77 58 43 42 26 51 9 67 33 37 10 21 17 27 38 60 50 82 12 87 60 45 7 45 28 22 52 16 13 48 53 65 26 77 49 100 78 85 27 23 36 92 51 4 63 51 26 96 77 41 16 11 70 72 80 71 42 4 14 12 38 57 9 28 91 8 66 61 93 8 51 24 35 52 70 23 53 32 60 93 92 2 52 68 26 34 19 17 39 72 73 78 97 51 74 10 12 19 27 6 82 9 83 40 37 55 16 56 57 6 27 18 5 48 2 6 31 55 95 7 2 26 15 27 21 44 1 66 92 23 27 13 19 63 57 98 3 58 3 1 87 51 94 29 94 48 4 27 77 47 60 50 50 28 50 37 41 78 9 67 4 44 9 6 80 57 40 59 54 50 100 16 67 63 1 63 44 77 55 48 2 1 92 33 66 29 43 83 31 29 49 83 45 42 7 4 33 76 22 89 28 89 3 24 8 57 42 66 71 75 45 92 29 32 94 22 43 41 81 70 7 18 88 9 91 12 39 49 84 58 31 78 33 4 98 27 14 22 80 11 6 70 37 70 30 87 47 100 29 61 60 7 13 72 30 46 78 93 31 26 36 43 80 54 32 33 100 15 41 97 80 94 97 30 33 9 82 51 77 48 73 9 31 63 72 14 75 59 56 96 29 33 91 95 71 56 79 47 50 30 82 16 53 66 56 28 10 57 17 1 100 20 67 97 10 57 6 73 75 7 86 52 11 1 6 12 36 18 63 25 90 15 70 100 11 88 37 11 5 5 96 32 37 19 55 45 94 54 34 30 96 80 54 95 7 34 10 93 43 75 73 31 22 44 6 58 82 80 44 66 25 57 55 18 24 41 99 66 90 20 14 55 54 54 4 75 53 68 75 45 21 13 6 2 74 18 41 5 50 51 70 71 77 35 15 5 70 38 19 98 84 59 39 71 90 1 45 17 24 38 92 93 68 9 40 89 84 40 62 69 4 27 61 24 87 91 44 17 7 45 97 92 9 32 53 61 70 83 28 31 14 30 93 54 75 91 96 77 43 32 49 87 48 18 99 56 88 95 91 84 23 53 5 54 47 16 99 74 26 78 35 79 15 56 65 23 83 80 46 17 21 2 24 62 49 29 80 58 27 85 95 73 43 73 9 24 71 94 60 14 85 96 5 70 76 25 92 69 93 69 63 5 42 78 65 40 92 83 14 36 57 67 53 94 47 8 56 20 65 74 77 73 53 21 64 29 3 78 47 37 79 7 59 16 18 48 61 99 56 33 75 94 79 85 98 6 73 66 48 50 61 41 75 85 47 51 81 10 76 51 21 88 30 70 63 57 42 7 41 100 65 26 74 48 50 47 36 66 95 7 88 44 82 96 24 30 11 59 75 25 96 89 63 63 72 97 71 1 33 78 85 78 26 75 81 92 55 37 16 94 7 22 50 57 49 44 38 1 43 9 35 54 10 37 43 73 20 41 70 36 70 83 11 45 9 86 96 3 32 10 41 32 4 54 60 69 100 11 63 88 29 20 94 43 85 29 28 38 97 29 3 8 11 71 33 95 54 67 42 36 17 44 46 11 100 99 68 45 55 98 44 4 28 23 33 10 55 95 13 32 38 49 34 100 51 14 96 83 58 18 56 85 40 82 77 77 38 91 77 12 88 17 99 75 84 62 69 25 100 58 65 11 45 45 70 7 92 85 39 31 81 48 3 76 20 23 55 95 12 95 32 97 56 95 4 56 51 10 22 22 75 95 19 59 82 42 79 51 51 64 65 2 12 77 27 79 73 83 72 4 19 24 7 2 45 28 9 53 94 31 14 24 65 82 46 86 97 76 81 57 56 32 62 95 30 85 69 45 30 98 66 16 95 100 12 67 74 55 82 7 88 13 74 94 27 31 33 26 95 39 38 27 43 63 78 39 58 84 57 3 67 15 82 68 3 34 24 79 96 5 12 90 11 61 59 69 49 24 53 53 30 10 26 45 96 38 31 87 30 43 6 23 90 11 99 18 54 19 43 91 21 55 94 73 16 97 24 31 60 49 97 43 61 68 100 58 70 20 70 40 80 2 93 28 30 24 68 12 14 93 73 19 24 97 40 26 76 81 4 20 86 57 35 94 7 4 60 70 81 97 67 87 69 88 98 1 10 45 19 29 8 65 59 11 67 72 61 47 44 9 61 49 17 66 6 12 6 67 83 78 9 50 40 13 77 90 65 61 19 97 82 25 43 69 40 100 38 69 100 24 82 98 99 11 89 30 8 83 20 4 21 77 38 46 18 30 7 74 39 97 64 19 42 13 42 72 11 75 77 63 91 74 58 9 12 49 50 77 88 45 25 96 88 79 53 19 80 86 40 18 67 97 78 68 29 77 42 41 55 20 6 39 8 10 98 65 28 91 86 36 100 89 22 23 90 59 71 69 28 19 8 37 4 97 91 46 35 36 64 10 76 7 56 19 23 76 34 24 2 42 57 57 78 83 49 80 72 54 94 84 14 57 85 20 13 32 37 92 92 44 68 69 80 76 70 48 63 82 65 6 93 56 95 20 35 92 10 35 86 19 83 46 41 29 55 69 82 54 2 80 64 63 64 39 35 39 78 81 81 54 95 48 33 74 24 46 52 40 22 49 37 14 32 28 24 11 80 71 81 35 39 39 67 88 76 12 97 78 94 52 17 46 44 90 98 76 27 73 4 39 89 55 31 58 40 39 61 5 54 55 33 68 69 66 9 35 10 92 29 68 70 48 65 95 99 39 7 76 74 39 32 16 35 61 32 10 12 29 3 21 87 58 27 59 26 83 13 68 52 49 58 9 24 9 7 28 58 34 47 13 87 94 76 49 32 24 46 57 58 19 94 89 71 47 63 52 4 79 77 60 30 34 45 81 55 66 61 43 74 71 41 19 83 45 51 6 94 29 97 16 31 57 65 95 70 35 17 46 47 97 27 24 65 51 18 70 30 57 97 89 1 12 19 77 56 4 81 90 44 5 17 52 28 22 94 54 99 31 32 75 50 2 15 3 99 37 88 17 49 14 10 39 17 57 9 14 24 89 86 74 1 65 74 99 63 95 65 72 65 82 32 54 53 28 93 3 33 71 32 22 52 21 35 15 42 39 52 93 88 83 74 88 80 18 84 83 99 14 91 57 50 96 44 31 22 18 29 7 69 64 10 58 21 34 59 30 45 87 7 79 6 90 2 44 93 79 50 14 18 71 19 57 86 32 25 34 24 46 73 63 4 74 46 10 58 86 62 29 35 64 56 69 6 92 91 21 15 6 26 2 1 75 80 65 81 73 56 12 16 22 46 32 69 77 64 16 57 46 25 46 43 64 66 60 65 91 9 44 2 89 9 97 55 72 2 43 16 20 95 44 26 9 12 85 94 63 92 87 61 76 24 49 49 100 66 97 91 58 29 52 16 42 96 11 10 48 7 21 65 29 49 85 36 51 84 55 18 85 9 51 78 85 16 36 95 54 25 64 18 89 70 14 67 70 99 56 11 100 81 80 32 60 48 39 54 54 50 22 46 34 25 52 100 92 14 9 2 35 12 50 67 79 15 32 13 46 69 38 15 93 21 72 78 36 74 24 56 19 46 91 70 73 69 3 57 78 40 13 40 54 68 82 24 83 19 55 94 71 26 18 72 38 26 2 24 25 93 43 5 35 19 95 88 29 61 94 49 66 72 96 47 71 98 13 23 83 48 33 33 18 19 94 24 100 36 85 6 34 19 85 87 62 14 19 41 13 38 76 7 66 58 60 23 17 32 90
1 300
5 2 3 4 5
3 4 5 6 7