82 822
392 181 426 73 285
407 50 259 248 139
118 942
449 202 252 89 412 226 190 218 450 218
225 398 155 65 359 431 145 40 75 146
146 450
453 73 28 49 418 132 205 28 498 249 148 467 436 366 380 403 385 160 473 152 267 11 42 166 125 335 196 45 366 186 372 3 95 110 314 201 381 165 267 134 126 87 466 159 356 448 62 366 143 294
357 206 343 470 271 271 118 366 328 34 170 423 432 315 122 45 124 365 240 498 280 227 278 397 237 450 154 299 37 459 110 243 62 111 313 20 231 80 443 283 422 499 80 88 35 349 386 460 163 92
13 125
394 195 332 54 227 7 23 293 210 310 198 327 4 280 500 277 192 440 206 61 131 94 481 39 352 338 17 475 86 99 78 36 372 99 315 430 277 430 324 282 422 107 80 226 125 256 164 97 331 341 388 198 312 221 334 365 401 389 407 181 144 27 27 90 443 117 496 169 167 156 386 455 134 118 186 138 499 463 19 80
217 211 359 480 160 409 82 101 248 474 356 223 56 231 173 276 155 337 249 432 284 441 468 493 282 171 32 183 209 33 55 117 133 43 325 81 92 18 42 466 362 87 96 329 183 161 377 427 129 456 313 281 432 285 38 17 45 360 496 218 82 322 409 290 389 191 212 125 469 330 301 171 214 157 335 407 466 234 349 63
227 339
305 446 187 189 500 38 326 333 272 415 65 445 62 257 432 176 185 195 4 320 450 89 23 101 477 462 471 400 42 404 449 174 426 210 138 464 142 222 267 124 62 138 495 156 261 270 472 249 160 20 337 298 180 401 106 348 242 47 130 325 426 77 63 180 146 476 479 97 110 155 127 303 319 355 11 234 153 291 113 89 461 355 17 118 414 64 490 413 355 420 101 19 67 267 126 364 214 188 168 492
183 371 399 93 85 192 232 9 297 394 195 154 416 119 126 272 336 197 129 57 112 423 70 307 165 125 346 220 52 175 315 397 190 466 179 186 79 59 158 13 219 368 346 217 260 297 183 350 155 494 140 219 340 220 32 146 87 466 416 226 163 486 207 319 497 166 323 366 387 342 264 439 152 377 368 409 302 406 77 43 330 405 113 75 284 360 95 118 343 99 178 321 455 428 103 198 246 93 213 75
59 739
7 68 313 119 28 153 48 21 463 358 239 422 12 94 245 277 182 327 298 475 172 497 47 414 281 292 436 212 497 455 147 250 268 136 198 46 59 490 451 264 410 170 253 338 242 440 487 479 65 240 459 305 240 389 441 133 313 292 50 352 476 236 290 402 110 18 108 135 476 363 376 498 473 104 197 428 434 473 236 218 438 268 335 449 346 93 150 465 373 410 132 184 336 493 51 365 479 487 441 112 396 418 18 188 131 308 2 336 230 1 334 305 183 203 40 164 438 344 401 207 94 117 135 261 275 441 61 350 400 437 168 293 266 142 198 306 131 50 147 497 456 15 337 479 171 61 435 38 263 438 250 244 131 90 241 7 356 147 122 103 245 492 465 253 174 173 219 235 34 324 222 389 68 170 463 130 128 368 221 170 232 173 409 50 236 331 448 98 264 224 387 468 389 414 5 281 45 202 60 167
398 484 500 165 433 295 226 263 96 490 354 437 400 484 190 329 311 28 254 291 439 103 26 310 295 19 4 109 384 287 204 306 254 223 326 71 488 260 46 87 93 313 470 423 240 381 306 388 202 276 453 371 439 199 310 473 138 142 279 74 109 264 222 180 128 427 126 87 226 230 23 157 461 146 353 414 490 26 58 403 333 483 229 100 368 496 129 498 202 328 342 403 194 231 260 217 437 426 8 440 39 67 428 338 210 372 257 262 455 357 233 389 284 447 95 317 382 341 272 41 104 299 101 130 64 401 34 93 327 320 214 182 60 90 368 267 201 119 375 388 98 500 387 460 466 119 2 83 65 485 45 455 317 181 60 265 267 226 274 127 183 155 396 453 491 15 122 438 438 4 232 185 18 463 199 99 242 260 256 298 490 239 325 443 43 152 391 119 332 21 11 381 33 33 309 329 314 278 232 17
109 348
1 432 349 433 212 202 69 143 384 251 270 8 270 272 105 358 261 459 95 291 60 327 492 246 95 31 238 198 307 430 188 397 98 129 154 83 451 169 475 405 207 234 264 151 267 248 54 133 276 166 64 29 181 89 369 173 192 214 200 93 215 392 120 337 93 295 145 197 134 352 244 40 365 346 155 131 498 292 433 131 162 402 386 116 224 36 54 37 183 301 242 431 475 254 389 166 134 275 198 237 39 64 87 38 460 293 62 178 165 271 215 483 409 354 403 39 55 132 310 45 260 302 40 221 335 118 337 471 164 50 274 205 164 93 42 122 90 112 101 132 436 288 322 410 71 97 162 344 44 222 200 138 200 298 464 418 361 59 152 344 142 182 54 249 115 302 129 157 111 245 117 231 113 1 477 56 205 234 115 145 345 160 288 210 370 457 270 198 382 110 406 223 33 194 178 295 246 325 120 201 32 49 476 228 237 238 208 333 285 338 12 13 190 257 94 500 391 300 91 188 392 267 50 12 224 471 498 134 285 82 45 204 440 92 287 40 354 355 92 160 219 17 374 4 242 280 349 215 162 336 118 301 347 485 480 409 470 463 114 215 421 451 114 8 476 95 477 451 335 457 448 257 293 385 142 405 236 442 387 318 191 120 179 167 59 242 201 409 489 166 263 41 246 37 303 450 87 67 431 423
138 482 424 168 50 484 370 148 247 304 295 391 199 103 122 145 157 350 278 380 335 375 231 68 470 375 309 301 491 436 198 409 405 293 434 95 408 70 481 422 85 486 394 178 31 233 446 237 360 411 9 361 436 151 256 67 117 76 28 160 365 389 217 131 222 484 221 215 44 51 214 378 108 35 161 227 93 160 215 79 137 412 172 15 30 188 298 164 251 355 229 459 8 149 270 448 117 202 385 402 12 327 255 458 370 294 498 207 80 280 47 111 438 256 75 253 484 119 192 115 380 128 217 106 128 441 370 51 242 294 65 355 402 111 279 195 442 212 491 436 498 295 372 57 396 146 453 265 177 497 138 236 167 409 72 116 490 40 294 97 451 383 242 87 341 330 218 435 390 415 52 261 196 403 77 313 254 337 151 409 125 399 4 66 346 29 114 52 86 391 22 2 111 158 206 162 57 442 433 293 258 181 212 350 421 361 70 92 302 460 259 401 134 450 315 458 42 53 150 260 318 337 302 302 392 111 130 159 405 348 256 148 25 48 171 121 449 361 152 368 78 231 388 33 243 138 171 239 388 154 78 90 245 281 134 260 274 419 290 400 498 500 123 401 326 18 50 297 57 471 419 407 325 364 80 17 493 91 296 63 48 428 166 480 474 200 232 154 423 49 426 447 295 353 90 413 317 414 208 46
34 227
436 216 351 430 380 122 462 169 196 162 376 424 238 370 16 472 274 38 298 470 433 266 154 133 164 404 191 292 490 197 75 225 126 164 225 183 439 392 256 211 219 188 491 326 156 46 128 25 181 256 401 46 46 268 378 61 275 174 316 400 361 58 112 200 347 329 249 338 1 242 149 477 239 171 344 180 91 135 20 404 348 24 322 87 368 403 13 498 411 13 379 50 380 285 355 37 170 115 181 248 407 411 171 302 199 394 109 7 401 187 174 248 104 196 449 188 318 307 196 437 173 261 293 110 75 326 349 242 488 358 196 43 17 140 97 107 3 280 93 90 270 467 96 390 2 296 32 175 30 144 465 323 292 92 184 158 99 436 333 301 464 250 284 274 264 300 109 409 225 431 407 203 10 251 369 405 160 50 479 29 199 408 46 197 135 87 229 464 310 35 408 101 184 149 346 129 208 375 37 89 106 340 70 389 78 167 119 106 193 15 192 127 42 278 351 149 107 108 51 428 68 95 47 447 388 364 312 253 100 351 170 307 134 316 425 430 197 377 230 47 237 456 338 370 360 350 222 332 196 464 412 196 276 318 339 232 498 195 431 166 14 16 165 407 331 478 87 484 314 65 482 282 8 130 414 405 214 274 84 280 135 63 170 382 145 121 131 447 356 39 375 330 159 273 3 425 211 246 193 223 343 353 22 58 64 263 170 194 497 341 488 486 142 201 100 137 254 344 270 194 267 355 477 173 225 264 462 442 447 424 94 136 354 350 217 461 86 263 117 366 413 225 282 99 203 38 24 64 205 375 491 139 6 462 395 487 32 347 406 348 209 239 5 252 485 369 417 302 82 338 60 66 262 449 251 234 346 404 76 290 410 29 381 303 385 141 412 464 326 491 344 227 410 321 319 123 362 252 173 185
392 428 325 117 305 180 335 239 322 327 399 100 139 369 253 163 480 444 54 332 312 230 139 399 334 426 82 101 353 131 272 107 164 218 474 36 272 142 461 403 289 158 6 338 498 346 487 160 192 446 11 169 397 240 160 34 327 267 119 483 178 334 352 481 335 494 173 383 411 332 205 118 396 213 374 475 148 394 51 160 451 120 260 413 482 267 99 9 258 266 208 107 479 125 210 293 343 202 252 283 313 68 61 183 111 121 410 344 432 409 253 223 460 265 191 355 192 315 415 444 281 228 50 112 461 202 266 366 454 135 487 130 4 29 88 181 91 133 275 490 6 314 334 276 251 460 272 291 188 15 220 37 191 13 457 380 217 500 101 184 364 46 357 112 308 384 473 339 347 401 438 499 18 407 85 91 315 184 179 12 26 47 388 388 450 34 378 42 393 316 81 242 282 75 403 176 177 341 72 69 298 367 109 335 311 144 222 383 284 282 223 153 355 201 225 228 175 136 200 392 498 340 394 354 11 143 119 280 269 105 92 97 303 161 157 209 6 260 365 446 277 167 160 376 211 111 239 296 56 392 418 220 155 41 308 403 424 494 494 318 254 439 324 266 478 491 1 133 223 107 150 402 168 334 199 352 255 16 133 92 218 124 102 120 370 345 22 87 435 392 262 354 198 408 247 437 257 135 351 99 129 134 488 432 498 500 47 201 190 383 170 384 152 219 179 448 147 62 195 54 39 84 23 104 320 141 94 77 61 337 99 433 269 392 7 339 430 98 400 233 141 158 346 391 161 176 73 346 454 45 190 178 252 173 174 431 364 10 61 165 96 222 110 402 368 169 297 208 133 331 382 382 359 29 287 384 165 250 51 166 144 157 393 244 193 324 382 13 83 380 344 296 472 143 4 103 302 357 5 184
115 585
224 299 321 36 495 20 60 433 215 248 234 258 43 25 265 286 127 487 274 58 292 125 340 9 168 416 490 254 88 397 346 401 265 396 498 291 362 315 212 373 90 156 108 332 352 472 321 262 314 107 209 79 494 209 388 374 469 227 27 225 116 57 121 358 343 469 234 170 395 397 138 194 138 172 98 46 31 470 418 469 331 205 49 73 88 24 148 268 229 283 285 214 78 376 72 467 470 446 50 399 152 56 452 270 228 480 246 318 425 1 228 371 451 92 416 382 384 140 224 176 321 364 43 294 456 27 257 433 399 106 148 495 333 197 467 2 194 9 291 128 142 80 147 35 32 157 114 477 382 397 69 460 82 267 424 308 307 318 114 329 349 220 457 63 382 426 21 207 335 20 441 443 326 201 324 436 324 471 216 124 3 113 229 48 13 351 255 207 90 418 99 334 369 229 228 198 48 455 454 406 10 98 166 345 345 107 130 17 364 315 221 172 128 31 188 400 75 136 255 201 377 258 105 377 322 175 312 75 474 60 150 48 113 257 25 77 380 456 426 427 419 485 152 46 489 395 464 364 107 19 173 138 452 490 248 348 270 268 32 315 207 133 314 137 23 265 25 370 97 400 27 402 474 187 49 209 439 111 488 157 72 6 324 265 259 51 332 271 175 68 238 183 126 85 90 220 231 25 247 431 395 22 140 223 133 77 375 384 356 262 257 151 339 367 259 238 240 248 430 284 409 176 17 459 230 197 500 37 347 305 83 251 82 458 52 171 245 351 59 387 292 363 248 286 163 161 345 252 377 53 193 37 446 201 41 397 465 374 437 111 1 36 367 317 455 409 223 248 280 7 25 478 35 206 80 59 246 483 308 304 2 30 261 142 332 117 324 213 233 73 28 93 310 479 447 233 322 80 16 385 101 487 209 460 418 221 362 3 266 432 79 107 345 456 94 49 253 133 48 195 455 274 257 121 248 229 500 166 454 267 18 133 344 423 337 458 45 339 126 469 171 330 372 188 290 63 42 452 144 215 37 137 98 178 141 95 42 377 227 43 250 226 423 214 348 285 203 84 59 462 268 38 385 346 323 334 295 311 321 485 15 181 354 79 417 499 73 442 256 226 319 202 25 193 181 366 51 248 459 177
262 450 402 350 130 187 134 234 191 100 2 230 166 170 370 41 170 187 178 445 275 250 121 211 160 83 491 492 298 367 111 27 425 477 105 255 360 469 424 153 213 479 346 350 156 119 241 490 488 411 9 242 246 136 247 17 254 276 69 463 120 463 391 228 211 58 12 160 70 392 187 227 156 477 39 161 60 242 25 437 421 53 262 465 188 257 222 183 239 261 280 340 155 376 262 360 248 180 13 296 397 463 327 11 250 106 26 226 315 432 175 125 334 388 459 465 21 490 278 176 244 145 301 360 469 329 157 409 5 24 343 410 373 475 194 387 177 188 94 67 121 129 127 108 106 409 8 275 139 236 77 408 440 274 367 125 194 82 374 58 52 141 189 422 152 350 146 189 410 324 209 59 32 439 43 262 169 480 48 407 360 8 219 214 49 399 114 74 304 138 343 351 159 141 34 11 437 293 243 89 239 252 253 368 116 161 410 165 338 292 67 312 246 207 107 403 297 263 394 180 332 112 376 208 238 465 445 435 39 349 219 53 254 309 151 240 26 440 118 231 435 427 484 287 365 20 48 439 55 317 464 16 127 425 365 465 279 461 33 478 174 197 449 125 447 298 241 266 334 422 13 278 292 373 108 428 112 248 446 262 439 299 246 195 91 310 10 355 61 463 397 492 333 326 208 377 178 69 45 345 122 431 52 218 14 500 419 52 301 400 24 52 455 30 281 207 285 369 394 90 168 70 381 385 260 53 133 306 188 31 336 103 2 349 162 81 289 119 401 85 328 349 251 292 40 477 171 150 244 349 294 185 235 292 376 257 460 346 253 46 84 445 477 58 287 479 368 472 407 227 82 430 309 110 52 95 321 148 101 376 75 401 348 251 423 7 27 463 343 244 394 392 402 125 8 188 211 71 339 102 470 341 7 290 36 436 180 175 212 232 355 281 320 4 239 14 50 136 124 287 126 386 258 238 346 284 6 328 164 283 450 291 455 132 208 340 141 259 422 318 471 429 54 422 318 434 330 452 423 327 263 247 263 345 194 162 487 398 385 176 433 487 19 120 338 251 339 229 405 53 312 497 3 447 241 346 497 74 418 415 39 86 248 281 285 50 238 405 66 496 194 381 150 391 328 169 303 466 45 33
